4 7 2 0
0 7 2 0
1 7 2 0
2 7 2 0
3 7 2 0
8 7 2 0
5 7 2 0
6 7 2 0
7 7 2 0
12 6 2 1
9 7 2 0
10 7 2 0
11 7 2 0
12 5 2 1
12 7 2 1
12 4 2 0
14 0 2 1
14 8 2 1
14 9 2 1
14 10 2 1
14 1 2 1
14 4 2 1
14 5 2 1
14 6 2 1
14 2 2 1
14 7 2 1
14 3 2 1
12 11 2 1
17 12 2 1
17 8 2 1
17 7 2 1
14 12 2 1
12 13 2 1
12 9 2 1
17 13 2 1
17 14 2 1
14 11 2 1
14 14 2 0
12 12 2 1
12 14 2 1
17 11 2 1
16 14 5 0
15 14 2 0
12 8 2 1
13 14 2 0
17 10 2 1
12 10 2 1
17 9 2 1
15 8 5 0
21 3 4 0
39 6 4 0
19 3 4 0
20 3 4 0
43 5 2 0
17 6 2 1
17 5 2 1
34 7 1 1
44 5 1 0
43 7 2 1
17 3 2 0
23 3 4 0
43 8 2 1
27 5 4 0
17 4 2 1
25 4 4 0
30 6 4 0
43 6 2 1
22 3 4 0
18 3 4 0
43 9 2 1
43 10 2 1
47 7 2 1
45 5 1 0
47 3 2 1
47 4 2 1
47 1 2 1
45 8 3 0
43 14 2 1
44 8 1 1
47 5 2 1
46 11 1 1
44 11 1 1
43 13 2 1
46 5 1 0
43 12 2 1
47 2 2 1
47 0 2 1
46 8 1 1
47 6 2 1
43 11 2 1
45 11 3 0
47 8 2 1
47 9 2 1
52 13 2 1
52 11 2 0
53 11 2 0
54 11 2 1
54 10 2 1
54 9 2 1
54 8 2 0
55 8 2 0
44 14 2 0
56 8 2 0
45 14 2 0
57 8 2 0
46 14 2 0
51 14 2 0
52 12 2 1
47 10 2 1
47 11 2 1
48 14 2 0
49 14 2 0
50 14 2 0
47 14 2 0
52 14 2 1
61 12 2 0
60 7 2 0
90 7 3 0
63 7 2 1
61 7 2 0
60 12 2 0
65 6 2 0
63 6 2 0
67 6 2 0
66 6 2 0
69 6 4 0
62 12 2 0
70 6 4 0
71 6 4 0
72 6 4 0
63 12 2 0
73 6 4 0
62 7 2 0
74 6 4 0
76 12 2 0
64 6 2 0
68 6 2 0
71 12 2 0
72 12 2 0
73 12 2 0
74 12 2 0
75 3 2 2
76 3 2 2
70 12 2 0
75 12 2 0
76 5 2 2
98 7 3 0
75 4 2 2
68 12 2 0
92 7 3 0
91 7 3 0
69 12 2 0
75 6 2 1
76 6 2 1
77 6 2 1
75 5 2 2
75 2 2 2
77 5 2 2
76 4 2 2
64 12 3 0
84 11 2 0
97 7 3 0
77 12 2 0
81 11 2 0
79 12 2 0
66 12 3 0
80 11 2 0
83 11 2 0
65 12 3 0
87 10 5 0
78 12 2 0
85 11 2 0
87 11 2 0
93 7 3 0
94 7 1 1
82 11 2 0
80 12 2 1
95 7 1 1
67 12 3 0
86 11 2 0
96 7 3 0
89 7 3 0
98 11 2 0
93 8 2 1
100 11 2 0
100 2 2 1
99 7 3 0
100 5 2 1
100 4 2 1
100 0 2 1
93 11 2 1
100 1 2 1
93 10 2 1
94 11 3 0
99 11 2 0
97 11 2 0
101 11 2 0
93 9 2 1
100 7 2 1
100 6 2 1
100 3 2 1
95 11 3 0
96 11 3 0
107 8 2 0
108 8 4 0
115 8 4 0
117 8 4 0
118 8 4 0
103 10 2 0
121 8 1 1
122 8 4 0
112 8 4 0
123 8 4 0
124 8 4 0
114 8 1 0
102 11 2 0
120 8 4 0
103 11 2 1
116 8 4 0
119 8 4 0
126 8 2 0
104 10 2 1
113 8 1 0
110 8 4 0
106 8 2 0
105 8 2 0
127 10 2 1
109 8 4 0
125 8 2 0
126 9 2 1
127 11 2 1
111 8 4 0
105 9 2 1
104 9 2 0
128 14 2 0
129 14 2 0
130 14 2 0
131 14 2 0
134 14 2 1
134 12 2 1
134 11 2 1
132 14 2 0
127 13 2 1
127 12 2 1
133 14 2 0
134 13 2 1
127 14 2 1
127 0 2 1
129 0 2 1
128 0 2 1
127 9 2 0
130 0 2 1
131 0 2 1
133 0 2 1
134 0 2 1
134 10 2 1
134 2 2 1
134 3 2 1
132 0 2 1
134 8 2 1
134 9 2 1
134 6 2 1
134 5 2 1
134 4 2 1
134 1 2 1
134 7 2 1
