0 10 2 0
1 10 2 0
2 10 2 0
3 10 2 0
4 10 2 0
5 10 2 0
6 10 2 0
7 10 2 0
8 10 2 0
9 10 2 0
10 10 4 0
11 12 4 0
11 9 4 0
12 12 4 0
13 12 4 0
14 12 4 0
14 8 4 0
15 8 4 0
16 8 4 0
17 8 4 0
18 8 4 0
20 10 4 0
22 7 4 0
23 7 4 0
24 7 4 0
27 6 4 0
28 6 1 0
29 6 1 0
29 10 2 0
30 6 1 0
30 10 2 0
31 6 2 0
31 10 2 0
32 10 2 0
33 5 2 0
34 5 2 0
35 5 2 0
36 5 1 0
37 5 1 0
38 5 1 0
38 8 3 0
39 5 1 0
39 8 3 0
40 1 2 0
40 2 2 0
40 3 2 0
40 4 2 0
40 5 2 0
40 8 2 0
41 8 2 0
42 8 1 0
43 8 1 0
44 8 1 0
44 11 3 0
45 8 1 0
45 11 3 0
46 8 2 0
46 11 2 0
47 8 2 0
47 11 2 0
48 8 2 0
48 11 2 0
49 8 2 0
49 11 2 0
50 11 2 0