0 7 2 0
2 7 2 0
1 7 2 0
3 7 2 0
4 7 2 0
5 7 2 0
6 7 2 0
7 6 2 0
8 6 2 0
9 6 2 0
10 6 2 0
11 5 2 0
12 5 2 0
13 4 2 0
14 4 2 0
15 3 2 0
22 4 2 1
23 3 2 1
23 2 2 2
17 2 2 0
22 0 2 2
22 2 2 2
23 4 2 1
22 3 2 1
16 3 2 0
18 2 2 0
22 1 2 2
18 12 2 1
18 3 2 1
17 4 2 1
17 5 2 1
18 7 2 1
18 11 2 1
18 4 2 1
23 1 2 2
16 5 2 1
18 9 2 1
18 6 2 1
18 13 2 1
18 14 2 1
17 3 2 1
15 5 2 1
15 4 2 1
18 5 2 1
18 8 2 1
13 5 2 1
14 5 2 1
18 10 2 1
16 4 2 1
21 2 4 0
22 14 2 0
19 14 2 0
19 7 3 0
22 7 2 1
22 8 2 1
20 14 2 0
21 14 2 0
20 10 3 0
20 7 1 1
22 9 2 1
19 2 4 0
20 2 4 0
21 7 3 0
23 14 2 0
22 6 2 1
21 4 1 1
22 5 2 1
19 4 1 1
20 4 3 0
22 10 2 1
22 11 2 1
39 13 2 0
30 11 4 0
26 14 2 1
27 13 2 1
28 13 2 1
21 10 1 1
19 10 1 1
24 14 2 0
26 13 2 0
31 11 4 0
32 11 4 0
33 11 4 0
27 12 2 0
38 12 2 0
25 14 2 1
25 13 2 0
29 11 2 0
28 12 2 0
35 11 4 0
34 11 4 0
36 11 4 0
37 11 2 0
30 12 3 0
36 12 3 0
40 13 2 0
38 13 2 1
43 13 5 0
37 12 2 1
32 12 3 0
52 2 1 0
31 12 3 0
33 12 3 0
29 12 2 1
35 12 3 0
41 13 2 0
42 13 2 0
46 7 5 0
51 2 1 0
50 2 1 0
49 3 2 1
34 12 3 0
49 4 2 1
49 2 2 0
50 8 2 0
52 8 2 0
53 0 2 2
56 7 2 2
56 4 2 2
56 8 2 1
51 8 1 0
49 8 2 1
53 1 2 2
56 6 2 2
56 5 2 2
54 8 2 0
49 5 2 1
49 7 2 1
49 6 2 1
53 8 2 0
55 8 2 0
53 2 2 1
