0 8 2 0
0 9 2 1
1 8 2 0
1 9 2 1
2 8 2 0
2 9 2 1
3 8 2 0
3 9 2 1
4 7 2 0
4 8 2 1
4 9 2 1
5 7 2 0
5 8 2 1
5 9 2 1
5 10 2 1
5 11 2 1
5 12 2 1
5 13 2 1
6 5 2 0
6 6 2 1
6 9 2 0
6 12 2 0
6 13 2 1
7 4 2 0
7 9 2 0
7 13 2 0
8 4 1 1
8 7 3 0
8 9 1 1
8 11 3 0
8 13 1 0
9 4 1 1
9 7 3 0
9 9 1 1
9 11 1 1
9 13 1 0
10 4 1 1
10 7 3 0
10 9 1 1
10 11 3 0
10 13 1 0
11 0 2 2
11 1 2 2
11 2 2 2
11 3 2 2
11 4 2 2
11 5 2 2
11 6 2 2
11 7 2 1
11 9 2 0
11 13 2 0
12 2 2 2
12 3 2 2
12 4 2 2
12 5 2 2
12 6 2 2
12 7 2 1
12 9 2 0
12 12 2 0
12 13 2 1
13 5 2 2
13 6 2 2
13 7 2 1
13 9 2 0
13 11 2 0
13 12 2 1
13 13 2 1
14 8 2 0
14 9 2 1
14 11 2 0
14 12 2 1
14 13 2 1
15 7 2 0
15 8 2 1
15 11 2 0
15 12 2 1
15 13 2 1
16 6 2 0
16 7 2 1
16 11 2 0
16 12 2 1
16 13 2 1
17 5 2 0
17 6 2 1
17 13 2 0
18 5 2 0
18 6 2 1
18 7 2 1
18 8 2 1
18 9 2 1
18 10 2 1
18 11 2 1
18 13 2 0
19 5 1 1
19 7 3 0
19 9 1 1
19 11 3 0
19 13 2 0
20 5 1 1
20 7 1 1
20 9 3 0
20 11 1 1
20 13 2 0
21 5 1 1
21 7 3 0
21 9 1 1
21 11 3 0
21 13 2 0
22 5 2 0
22 6 2 1
22 7 2 1
22 8 2 1
22 9 2 1
22 10 2 1
22 11 2 1
22 13 2 0
23 4 2 0
23 5 2 1
23 11 2 0
23 12 2 0
24 3 2 0
24 4 2 1
24 9 2 0
24 10 2 0
25 2 2 0
25 3 2 1
25 4 2 1
25 7 2 0
25 8 2 0
26 2 2 0
26 3 2 1
26 4 2 1
26 6 2 0
26 7 2 1
26 8 2 1
26 9 2 1
26 10 2 1
26 11 2 1
26 12 2 1
27 2 1 1
27 4 3 0
27 8 3 0
27 12 3 0
28 2 1 1
28 6 3 0
28 10 3 0
28 12 2 0
29 2 2 0
29 3 2 1
29 4 2 1
29 5 2 1
29 6 2 1
29 7 2 1
29 8 2 1
29 9 2 1
29 10 2 1
29 12 2 0
30 12 2 0
31 11 2 0
32 10 2 0
35 8 2 0
36 8 3 0
36 9 2 1
37 8 2 0
38 8 2 0
41 10 2 0
43 6 2 0
45 9 2 0
47 8 3 0
48 8 3 0
49 8 1 0
50 8 1 0
51 8 2 0
52 6 2 0
52 7 2 1
52 8 2 1
52 11 2 0
53 4 2 0
53 5 2 1
53 6 2 1
54 4 2 0
54 5 2 1
54 6 2 1
55 4 2 0
55 5 2 1
55 6 2 1
55 12 2 0
56 5 2 0
56 6 2 1
56 7 2 1
57 6 2 0
57 7 2 1
57 10 2 0
59 8 2 0
61 8 2 0
63 6 2 0
66 7 2 0
69 9 2 0
72 7 2 0
75 4 2 0
77 9 2 0
80 7 2 0
83 8 2 0
85 6 2 0
87 9 2 0
90 6 2 0
93 9 2 0
96 7 2 0
99 8 2 0