0 9 2 0
1 9 2 0
2 9 2 0
3 9 2 0
4 8 2 0
5 8 2 0
7 7 2 0
7 8 2 1
8 5 2 0
8 6 2 1
8 7 2 1
8 8 2 1
9 3 2 0
9 4 2 1
9 5 2 1
9 6 2 1
10 2 2 0
10 3 2 1
10 4 2 1
11 1 2 0
11 2 2 1
11 3 2 1
11 4 2 1
11 5 2 1
11 6 2 1
11 7 2 1
11 8 2 1
11 9 2 1
11 10 2 1
11 11 2 1
11 12 2 1
11 13 2 1
11 14 2 1
12 1 4 0
12 4 3 0
12 7 1 1
12 10 3 0
12 14 2 0
13 1 4 0
13 4 1 1
13 7 3 0
13 10 1 1
13 14 2 0
14 1 4 0
14 4 3 0
14 7 1 1
14 10 3 0
14 14 2 0
15 0 2 2
15 1 2 0
15 2 2 1
15 3 2 1
15 4 2 1
15 5 2 1
15 6 2 1
15 7 2 1
15 8 2 1
15 9 2 1
15 10 2 1
15 11 2 1
15 12 2 1
15 14 2 0
16 14 2 0
17 13 2 0
17 14 2 1
18 13 2 0
18 14 2 1
19 12 2 0
19 13 2 1
19 14 2 1
20 12 4 0
20 14 3 0
21 12 4 0
21 14 3 0
22 12 4 0
22 14 3 0
23 12 4 0
23 14 3 0
24 12 4 0
24 14 3 0
25 12 4 0
25 14 3 0
26 12 4 0
26 14 3 0
27 12 2 0
27 13 2 1
27 14 2 1
28 11 2 0
28 12 2 1
29 9 2 0
29 10 2 1
29 11 2 1
29 12 2 1
32 6 2 0
34 9 2 0
36 8 2 0
37 11 2 0
38 13 2 0
39 1 2 2
39 2 2 2
39 3 2 2
39 4 2 2
39 5 2 2
39 6 2 2
39 7 2 2
39 8 2 2
39 9 2 2
39 10 2 2
39 11 2 1
39 13 2 0
40 8 5 0
40 13 2 0
41 13 5 0
42 3 2 0
42 4 2 1
42 5 2 1
42 6 2 1
42 7 2 1
42 8 2 1
42 9 2 1
42 10 2 1
42 11 2 1
42 12 2 1
42 13 2 1
44 4 4 0
46 6 4 0
47 9 4 0
48 9 4 0
49 9 4 0
50 9 2 0
51 9 2 2
51 10 2 1
52 7 2 2
52 8 2 2
52 9 2 2
52 10 2 1
53 1 2 2
53 5 2 2
53 6 2 2
53 7 2 2
53 8 2 2
53 9 2 2
53 10 2 1
54 1 2 2
54 2 2 2
54 4 2 2
54 5 2 2
54 6 2 2
54 7 2 2
54 8 2 2
54 9 2 2
54 10 2 1
55 1 2 2
55 5 2 2
55 6 2 2
55 7 2 2
55 8 2 2
55 9 2 2
55 10 2 1
56 1 2 2
56 2 2 2
56 3 2 2
56 9 2 2
56 10 2 1
57 3 2 2
57 4 2 2
57 5 2 2
57 6 2 2
57 9 2 2
57 10 2 1
58 8 2 2
58 9 2 2
58 10 2 1
59 6 2 2
59 7 2 2
59 8 2 2
59 9 2 2
59 10 2 1
60 6 2 0
60 7 2 1
60 8 2 1
60 9 2 1
60 10 2 1
61 6 2 0
63 7 2 0
65 6 2 0
67 4 2 0
67 5 2 1
67 6 2 1
67 7 2 1
67 8 2 1
67 9 2 1
67 10 2 1
67 11 2 1
67 12 2 1
67 13 2 1
68 4 1 0
68 6 2 1
68 8 4 0
68 12 2 0
68 13 2 1
69 4 1 0
69 6 4 0
69 10 4 0
69 12 2 0
69 13 2 1
70 4 1 0
70 6 2 1
70 8 4 0
70 13 2 0
71 1 2 1
71 2 2 1
71 3 2 1
71 4 2 1
71 5 2 1
71 6 2 1
71 7 2 1
71 8 2 1
71 9 2 1
71 10 2 1
71 11 2 1
71 13 2 0
72 5 3 0
72 13 2 0
73 13 5 0
74 8 5 0
74 10 3 0
74 13 3 0
75 3 2 0
75 4 2 1
75 5 2 1
75 6 2 1
75 7 2 1
75 8 2 1
75 9 2 1
75 10 2 1
75 11 2 1
75 12 2 1
75 13 2 1
76 4 3 0
76 7 1 1
76 13 3 0
77 4 3 0
77 7 1 1
77 10 1 1
77 13 3 0
78 7 1 1
78 13 2 0
79 1 2 1
79 2 2 1
79 3 2 1
79 4 2 1
79 5 2 1
79 6 2 1
79 7 2 1
79 8 2 1
79 9 2 1
79 10 2 1
79 13 2 0
80 13 2 0
81 13 2 0
82 13 2 0
83 13 2 0
84 7 2 1
84 8 2 1
84 9 2 1
84 10 2 1
84 11 2 1
84 12 2 1
84 13 2 1