0 7 2 0
1 7 2 0
4 7 2 0
2 7 2 0
3 7 2 0
9 7 2 0
5 7 2 0
6 7 2 0
7 7 2 0
8 7 2 0
13 7 2 0
10 7 2 0
11 7 2 0
12 7 2 0
15 7 2 0
14 7 2 0
16 7 2 0
17 7 2 0
22 7 2 0
8 5 1 0
9 5 1 0
11 5 1 1
18 7 2 0
20 7 2 0
21 7 2 0
10 5 1 1
14 5 2 0
19 7 2 0
24 7 2 0
19 5 2 2
26 7 2 0
32 7 2 0
29 5 4 0
16 5 2 1
25 7 2 0
32 5 5 0
23 7 2 0
18 5 2 2
27 7 2 0
27 5 4 0
28 7 2 0
17 5 2 1
30 7 2 0
29 7 2 0
23 5 3 0
15 5 2 0
26 5 4 0
31 7 2 0
22 5 3 0
28 5 4 0
48 7 2 0
36 7 2 0
49 7 2 0
33 7 2 0
45 7 2 0
47 7 2 0
35 7 2 0
46 7 2 0
34 7 2 0
43 7 2 0
44 7 2 0
